{'HB_Code_Red_I.txt': [0.88824, 0.87983, 0.89328, 0.91681, 0.92689, 0.95798, 0.87983, 0.89076, 0.84538],
'HB_Slammer.txt': [0.80576, 0.80314, 0.79948, 0.79058, 0.82251, 0.79476, 0.78848, 0.83508, 0.95969],
'HB_Nimda.txt': [0.70283, 0.65573, 0.64031, 0.59675, 0.63621, 0.62221, 0.57921, 0.54922, 0.50693],
'HB_AS_Leak.txt': [0.68987, 0.67974, 0.68678, 0.68678, 0.68458, 0.68943, 0.67004, 0.74405, 0.70176]}
